603 755 523 564 435 627 467 435 595 573 475 416 776 484 724 580 624 435 533 403 440 672 629 429 429 612 570 630 447 530 720 552 674 472 
651 467 539 674 755 437 538 619 749 691 477 415 460 432 565 632 770 675 705 467 696 430 594 592 706 427 590 743 438 707 555 607 706 470 
427 663 588 698 736 538 463 563 614 539 394 717 518 509 527 680 603 670 701 433 585 421 538 422 614 724 615 680 401 662 575 680 726 414 
591 417 759 604 630 541 734 481 539 632 397 703 398 442 576 557 753 596 489 395 392 571 736 533 657 656 403 777 573 703 409 421 774 574 
531 696 708 494 441 507 513 416 387 427 636 413 443 406 380 586 580 746 670 723 667 407 406 394 452 398 705 701 455 514 595 588 389 566 
657 715 666 585 395 416 601 527 413 532 661 565 588 640 577 708 711 481 468 612 597 692 601 539 730 460 713 523 624 584 748 497 611 586 
520 649 393 546 746 547 689 492 385 512 723 632 506 380 454 666 621 515 525 450 725 442 620 444 764 541 604 449 564 767 530 433 565 460 
502 554 584 593 669 399 737 720 541 734 765 584 500 381 482 438 501 526 589 641 629 466 383 385 713 503 593 711 672 597 473 671 569 680 
394 393 666 637 462 516 659 475 587 733 578 469 752 726 724 409 704 423 548 747 403 658 428 553 657 584 449 492 686 684 756 722 638 760 
567 530 395 745 629 609 499 692 399 579 734 409 534 472 395 493 573 578 775 615 587 562 506 624 492 467 485 520 401 695 418 657 693 601 
720 435 591 571 387 635 528 626 398 661 482 640 660 435 565 583 633 420 650 508 678 512 713 470 444 675 481 699 744 654 661 441 636 655 
542 748 759 518 441 658 443 668 387 649 633 575 514 582 755 613 766 648 565 439 769 711 502 386 473 775 591 397 647 564 415 380 396 732 
405 732 590 713 758 684 601 713 448 644 599 653 426 772 630 577 