771 589 675 531 424 720 511 565 445 739 596 705 
751 431 523 454 566 681 774 423 703 743 772 506 
609 500 548 672 621 761 648 456 706 459 513 708 
711 439 481 382 503 451 723 553 677 756 670 594 
750 540 754 384 619 517 665 693 613 572 737 719 
434 407 748 397 595 571 569 636 640 667 501 384 
636 497 611 537 482 413 687 726 684 467 472 477 
414 759 618 595 720 644 605 779 633 391 769 594 
515 473 697 559 561 720 487 403 710 674 591 675 
732 681 763 493 485 672 720 528 604 504 513 386 
424 680 777 628 738 721 542 436 441 509 627 549 
