473 507 657 745 524 544 446 570 763 547 436 681 518 392 666 741 518 573 558 671 491 424 453 537 541 527 673 605 566 438 674 567 650 470 683 609 
411 498 576 506 671 468 490 721 608 442 745 748 447 677 729 608 654 664 613 440 639 497 529 711 405 465 425 708 532 528 483 703 644 394 482 437 
412 414 705 432 577 677 597 405 558 516 731 647 548 745 765 539 583 669 545 476 776 569 581 695 580 598 491 751 595 612 620 714 414 631 747 750 
405 503 698 779 404 685 738 452 628 636 444 408 747 763 536 476 457 614 487 514 719 740 448 398 496 540 697 667 407 480 635 616 697 452 383 593 
617 657 746 658 666 530 681 631 690 714 441 508 767 770 650 401 493 550 557 441 479 528 683 595 519 563 409 532 636 462 577 537 527 426 774 751 
631 654 464 642 502 644 647 591 570 441 526 606 546 658 727 549 494 753 722 651 462 539 711 610 443 665 639 484 678 654 760 642 466 772 496 666 
647 533 415 466 579 505 407 455 578 720 723 694 751 573 743 641 432 651 651 723 727 665 492 408 645 518 560 749 776 599 660 557 700 389 403 402 
564 440 608 719 618 720 416 681 641 384 572 704 499 540 587 760 741 525 462 593 555 455 447 566 398 705 777 738 595 518 485 495 653 764 751 476 
394 757 533 567 570 383 544 505 496 572 596 574 742 648 415 748 700 603 510 546 490 726 673 440 766 698 485 472 741 762 753 473 393 549 701 394 
690 621 612 527 417 452 649 440 439 563 590 426 458 556 556 478 705 469 733 443 388 646 589 389 392 724 711 594 638 623 402 416 527 765 760 657 
506 751 484 399 753 604 541 736 510 402 502 762 674 724 566 714 523 589 680 638 446 676 492 625 746 416 416 622 711 754 714 476 651 522 380 517 
469 495 567 554 755 671 479 583 385 571 569 546 559 738 552 446 724 413 615 714 504 463 775 766 408 760 554 450 676 625 431 433 593 437 453 442 
731 382 631 595 663 384 382 399 755 454 642 478 632 434 438 741 530 702 408 493 449 440 624 417 735 744 720 612 408 684 704 663 530 386 610 493 
552 548 656 639 480 725 447 737 666 572 447 577 646 463 492 768 558 702 745 580 602 507 391 498 426 432 682 491 620 416 380 690 392 656 509 776 
563 730 654 570 418 731 640 454 741 564 699 598 688 759 723 593 666 714 427 765 646 401 442 427 554 628 709 497 601 429 690 406 526 512 558 764 
683 516 614 623 542 710 747 665 443 486 565 752 622 646 520 467 506 716 670 518 598 450 576 396 556 714 441 648 735 551 391 556 458 