727 754 627 705 582 559 663 456 632 434 767 
635 515 656 392 573 434 588 499 510 402 669 
640 663 641 646 426 453 445 555 429 433 580 408 
675 472 397 406 589 668 655 386 582 705 398 
513 395 527 427 705 471 647 510 641 779 595 502 
688 698 510 552 672 530 448 643 529 443 731 
738 487 418 447 688 572 423 589 531 650 663 736 
504 614 598 562 391 751 482 536 543 538 460 
752 446 388 529 527 640 498 767 644 559 635 767 
401 412 567 501 708 422 763 395 583 713 653 
543 502 754 697 546 398 479 422 416 411 417 541 
