474 613 560 518 597 456 550 498 637 672 696 656 
676 604 614 610 459 533 604 408 391 687 708 689 
489 532 701 464 495 564 687 533 453 452 491 381 
542 425 518 725 462 435 694 568 383 678 381 743 
431 756 740 646 764 615 750 407 731 511 444 705 
495 773 513 387 760 613 417 438 549 434 527 442 
686 567 652 468 757 572 514 539 439 599 409 669 
464 679 461 495 594 422 663 775 611 412 631 705 
641 402 427 679 399 656 773 594 666 617 413 737 
615 766 406 764 553 577 745 460 564 387 586 462 
523 478 395 509 491 387 432 548 520 576 448 587 
